20 12
6 4 4 4 4 4 4 4 4 4 4 4 4 4 4 4 4 4 4 6
5 5 5 7 5 5 8 5 5 5 7 5 5 5 8 5 5 9 5 5
0 10 11 12 10 13 11 10 14 1 24 21 21 18 10 10 10 1 0 23
1 0 1 2 1 0 1 0 1 0 1 23 1 0 1 0 1 0 1 0
0 25 0 1 0 1 0 1 0 1 24 1 0 1 0 1 15 1 0 1
16 16 1 20 1 0 17 3 3 3 3 3 3 0 1 0 1 0 1 0
0 1 0 1 0 1 0 3 3 3 3 3 3 2 0 1 0 1 0 1
16 15 16 0 19 0 1 3 3 3 3 3 3 17 1 0 1 0 1 0
0 1 0 1 0 1 24 3 3 3 3 3 3 1 20 1 0 1 0 1
1 0 21 22 1 0 1 0 1 0 1 0 1 0 1 0 1 0 1 0
0 21 21 1 0 1 0 1 0 1 11 13 14 10 10 2 0 1 22 23
1 0 1 0 1 0 1 0 1 0 1 0 1 0 1 0 1 0 23 22