24 14
7 8 7 7 4 4 4 4 8 7 11 7 4 4 4 4 4 4 7 8 7 7 8 6
9 10 9 9 33 28 29 33 10 9 9 9 12 30 32 42 31 32 9 9 10 9 9 5
27 1 18 1 15 1 0 26 36 1 19 1 0 1 0 36 0 1 0 38 0 39 43 24
7 7 7 7 7 3 3 3 3 3 3 0 1 0 1 0 21 0 1 7 7 7 8 7
9 9 9 9 10 3 3 3 3 3 3 23 15 16 15 1 0 1 0 9 9 9 9 9
43 0 19 0 21 3 3 3 3 3 3 0 2 0 1 0 1 25 1 36 1 0 38 0
7 8 11 7 7 3 3 3 3 3 3 1 0 1 0 22 0 1 0 7 8 7 7 7
9 9 9 9 9 2 1 21 1 35 1 0 17 0 1 0 1 0 1 9 9 9 9 9
0 20 0 25 36 1 23 1 0 1 0 1 0 1 13 14 23 1 0 1 0 19 0 20
7 7 7 7 7 0 1 0 1 37 37 0 1 0 15 0 2 0 1 7 7 11 7 7
9 9 9 9 9 1 0 1 0 1 0 1 0 34 0 1 0 40 2 10 9 9 9 9
1 22 1 39 1 0 1 0 1 0 21 0 23 0 1 0 1 0 1 0 21 0 20 0
8 7 7 7 7 1 40 1 25 1 0 2 41 1 0 21 0 1 0 7 7 7 7 7
9 9 10 9 9 24 1 0 1 35 1 0 1 0 1 0 1 0 24 9 9 9 9 9