20 16
3 3 3 3 3 3 3 3 3 3 3 3 3 3 3 3 3 3 3 3
3 15 15 15 15 15 15 15 15 15 15 15 15 15 15 15 15 15 15 3
3 0 0 0 0 0 0 0 0 0 0 0 0 0 0 0 0 0 0 3
3 0 0 0 0 0 0 0 0 0 0 0 0 0 0 0 0 0 0 3
3 0 15 15 15 0 9 9 9 9 9 9 9 9 0 15 15 15 0 3
3 0 15 15 15 0 9 9 9 9 9 9 9 9 0 15 15 15 0 3
3 0 0 0 0 0 0 0 0 0 0 0 0 0 0 0 0 0 0 3
3 0 0 0 0 0 0 0 0 0 0 0 0 0 0 0 0 0 0 3
3 0 0 0 0 0 15 15 15 15 15 15 15 15 0 0 0 0 0 3
3 0 15 15 15 0 0 0 1 1 1 1 0 0 0 0 0 0 0 3
3 0 0 0 0 0 0 15 15 0 0 15 15 0 0 0 0 0 0 3
3 0 15 0 0 0 0 0 0 0 0 0 0 0 0 0 0 15 0 3
3 0 15 15 15 0 0 0 0 0 0 0 0 0 0 15 15 15 0 3
3 0 0 0 0 0 0 0 0 0 0 0 0 0 0 0 0 0 0 3
3 0 0 0 0 0 0 0 0 0 0 0 0 0 0 0 0 0 0 3
3 3 3 3 3 3 3 3 3 0 0 3 3 3 3 3 3 3 3 3