24 14
6 4 4 4 4 4 4 4 4 4 4 4 4 4 4 4 4 4 4 4 4 4 4 6
5 8 26 8 27 7 28 29 8 5 5 32 5 5 8 30 7 31 8 40 41 8 26 5
24 19 0 13 0 15 0 1 14 25 34 39 35 25 15 1 15 1 15 1 0 19 0 24
1 0 1 0 1 0 1 0 1 0 34 33 35 0 1 0 1 0 1 0 1 0 1 0
0 1 0 10 11 11 12 1 23 1 34 33 35 1 0 23 0 1 0 1 0 1 0 1
1 0 1 0 1 0 1 0 1 0 34 42 35 2 1 0 16 17 1 17 16 0 1 0
0 1 0 1 0 1 0 1 0 1 36 3 36 1 0 1 0 1 0 1 0 1 0 1
1 0 1 22 1 0 1 0 1 3 3 3 3 3 1 0 1 0 1 0 1 0 1 0
0 1 0 1 0 1 0 1 0 3 3 3 3 3 0 1 2 1 0 21 0 1 0 1
1 0 1 0 20 0 1 2 1 3 3 3 3 3 1 0 1 22 1 0 1 0 1 0
0 1 0 1 0 1 21 1 0 3 3 3 3 3 0 1 0 1 0 1 37 1 37 1
1 19 18 18 1 0 1 0 1 3 3 3 3 3 1 0 1 0 1 0 1 38 1 0
24 1 0 1 0 1 0 22 0 3 3 3 3 3 0 1 0 2 0 1 0 38 19 24
1 0 1 0 1 0 1 0 1 0 1 0 1 0 1 0 1 0 1 0 1 0 1 0