15 15
0 0 0 0 0 3 -1 -1 -1 -1 -1 -1 -1 -1 -1
0 23 0 0 0 3 -1 -1 -1 -1 -1 -1 -1 -1 -1
0 0 0 0 0 3 -1 -1 -1 -1 -1 -1 -1 -1 -1
0 0 0 14 14 3 -1 -1 0 -1 -1 -1 0 -1 -1
0 0 0 1 1 3 -1 -1 -1 -1 -1 -1 -1 -1 -1
3 3 3 3 3 3 -1 0 -1 -1 -1 -1 -1 0 -1
-1 -1 -1 -1 -1 -1 -1 -1 0 0 0 0 0 -1 -1
-1 -1 -1 -1 -1 -1 -1 -1 -1 -1 -1 -1 -1 -1 -1
-1 -1 -1 -1 -1 -1 -1 -1 -1 -1 -1 -1 -1 -1 -1
-1 -1 -1 -1 -1 -1 -1 -1 -1 -1 -1 -1 -1 -1 -1
-1 -1 -1 -1 -1 -1 -1 -1 -1 -1 -1 -1 -1 -1 -1
-1 -1 -1 -1 -1 -1 -1 -1 -1 -1 -1 -1 -1 -1 -1
-1 -1 -1 -1 -1 -1 -1 -1 -1 -1 -1 -1 -1 -1 -1
-1 -1 -1 -1 -1 -1 -1 -1 -1 -1 -1 -1 -1 -1 -1
-1 -1 -1 -1 -1 -1 -1 -1 -1 -1 -1 -1 -1 -1 -1