17 13
0 0 0 0 0 0 0 0 0 0 0 0 0 0 0 0 0
0 0 18 17 17 17 17 17 17 17 17 17 17 17 19 0 0
0 18 17 17 17 17 17 17 17 17 17 17 17 17 17 19 0
0 16 16 16 16 16 16 16 16 16 16 16 16 16 16 16 0
0 16 16 16 16 20 16 16 16 16 16 21 16 16 16 16 0
0 16 16 16 16 16 16 16 16 16 16 16 16 16 16 16 0
0 16 16 16 16 16 16 20 17 21 16 16 16 16 16 16 0
0 16 16 16 16 16 16 17 22 17 16 16 16 16 16 16 0
0 0 0 0 0 0 15 14 14 14 15 0 0 0 0 0 0
0 0 0 0 0 0 15 14 14 14 15 0 0 0 0 0 0
0 0 0 0 0 0 15 14 14 14 15 0 0 0 0 0 0
0 0 0 0 0 0 15 14 14 14 15 0 0 0 0 0 0
0 0 0 0 0 0 15 14 14 14 15 0 0 0 0 0 0